4.521000000000000000e+03
6.336000000000000000e+03
1.542000000000000000e+03
9.144000000000000000e+03
8.443000000000000000e+03
3.778000000000000000e+03
8.318000000000000000e+03
3.624000000000000000e+03
2.896000000000000000e+03
8.494000000000000000e+03
1.732000000000000000e+03
6.189000000000000000e+03
5.467000000000000000e+03
2.372000000000000000e+03
6.900000000000000000e+03
1.409000000000000000e+03
4.263000000000000000e+03
8.220000000000000000e+02
5.950000000000000000e+02
3.021000000000000000e+03
